[ 0.0998004  0.500998   0.1996008  0.0998004  0.0998004]
[ 0.09960159  0.50199203  0.19920319  0.09960159  0.09960159]
[ 0.09940358  0.50298211  0.19880716  0.09940358  0.09940358]
[ 0.09920635  0.50396825  0.1984127   0.09920635  0.09920635]
[ 0.0990099  0.5049505  0.1980198  0.0990099  0.0990099]
[ 0.09881423  0.50592885  0.19762846  0.09881423  0.09881423]
[ 0.09861933  0.50690335  0.19723866  0.09861933  0.09861933]
[ 0.0984252   0.50787402  0.19685039  0.0984252   0.0984252 ]
[ 0.09823183  0.50884086  0.19646365  0.09823183  0.09823183]
[ 0.09803922  0.50980392  0.19607843  0.09803922  0.09803922]
[ 0.09980431  0.50880626  0.19569472  0.09784736  0.09784736]
[ 0.09960938  0.5078125   0.1953125   0.09765625  0.09960938]
[ 0.0994152   0.50877193  0.19493177  0.09746589  0.0994152 ]
[ 0.09922179  0.50972763  0.19455253  0.09727626  0.09922179]
[ 0.09902913  0.51067961  0.19417476  0.09708738  0.09902913]
[ 0.09883721  0.51162791  0.19379845  0.09689922  0.09883721]
[ 0.09864603  0.51257253  0.1934236   0.0967118   0.09864603]
[ 0.1003861   0.51158301  0.19305019  0.0965251   0.0984556 ]
[ 0.10019268  0.5105973   0.19460501  0.09633911  0.0982659 ]
[ 0.1         0.51153846  0.19423077  0.09615385  0.09807692]
[ 0.09980806  0.51055662  0.19385797  0.09788868  0.09788868]
[ 0.09961686  0.50957854  0.1954023   0.09770115  0.09770115]
[ 0.09942639  0.51051625  0.19502868  0.09751434  0.09751434]
[ 0.09923664  0.51145038  0.19465649  0.09732824  0.09732824]
[ 0.09904762  0.51047619  0.19428571  0.09714286  0.09904762]
[ 0.09885932  0.51140684  0.19391635  0.09695817  0.09885932]
[ 0.09867173  0.51043643  0.19354839  0.09867173  0.09867173]
[ 0.09848485  0.51136364  0.19318182  0.09848485  0.09848485]
[ 0.10018904  0.51039698  0.19281664  0.09829868  0.09829868]
[ 0.1         0.51132075  0.19245283  0.09811321  0.09811321]
[ 0.09981168  0.51224105  0.1920904   0.09792844  0.09792844]
[ 0.09962406  0.51315789  0.19172932  0.09774436  0.09774436]
[ 0.09943715  0.51407129  0.19136961  0.09756098  0.09756098]
[ 0.09925094  0.51498127  0.19101124  0.09737828  0.09737828]
[ 0.09906542  0.51588785  0.19065421  0.09719626  0.09719626]
[ 0.0988806   0.51679104  0.19029851  0.09701493  0.09701493]
[ 0.09869646  0.51769088  0.18994413  0.09683426  0.09683426]
[ 0.09851301  0.51858736  0.18959108  0.09665428  0.09665428]
[ 0.09833024  0.51948052  0.18923933  0.09647495  0.09647495]
[ 0.09814815  0.51851852  0.18888889  0.09814815  0.0962963 ]
[ 0.09796673  0.5194085   0.18853974  0.09796673  0.0961183 ]
[ 0.09778598  0.51845018  0.1900369   0.09778598  0.09594096]
[ 0.09760589  0.51933702  0.18968692  0.09760589  0.09576427]
[ 0.09742647  0.52022059  0.18933824  0.09742647  0.09558824]
[ 0.09724771  0.51926606  0.18899083  0.09908257  0.09541284]
[ 0.0970696   0.51831502  0.19047619  0.0989011   0.0952381 ]
[ 0.09689214  0.51736746  0.19012797  0.10054845  0.09506399]
[ 0.09671533  0.51642336  0.18978102  0.10218978  0.09489051]
[ 0.09653916  0.5154827   0.18943534  0.10382514  0.09471767]
[ 0.09818182  0.51454545  0.18909091  0.10363636  0.09454545]
[ 0.09800363  0.51361162  0.18874773  0.10526316  0.09437387]
[ 0.09782609  0.51449275  0.1884058   0.10507246  0.0942029 ]
[ 0.09764919  0.51356239  0.1880651   0.10488246  0.09584087]
[ 0.09747292  0.51444043  0.18772563  0.10469314  0.09566787]
[ 0.0972973   0.51531532  0.18738739  0.1045045   0.0954955 ]
[ 0.0971223   0.51618705  0.18705036  0.10431655  0.09532374]
[ 0.09694794  0.51526032  0.18671454  0.10412926  0.09694794]
[ 0.09677419  0.51612903  0.18637993  0.10394265  0.09677419]
[ 0.09660107  0.51699463  0.18604651  0.10375671  0.09660107]
[ 0.09642857  0.51785714  0.18571429  0.10357143  0.09642857]
[ 0.09625668  0.51871658  0.18538324  0.10338681  0.09625668]
[ 0.09608541  0.51957295  0.18505338  0.10320285  0.09608541]
[ 0.09591474  0.52042629  0.18472469  0.10301954  0.09591474]
[ 0.09751773  0.51950355  0.18439716  0.10283688  0.09574468]
[ 0.09734513  0.52035398  0.1840708   0.10265487  0.09557522]
[ 0.09717314  0.52120141  0.18374558  0.1024735   0.09540636]
[ 0.09700176  0.52204586  0.18342152  0.10229277  0.0952381 ]
[ 0.09683099  0.52288732  0.18309859  0.10211268  0.09507042]
[ 0.09666081  0.52372583  0.1827768   0.10193322  0.09490334]
[ 0.09649123  0.52280702  0.18245614  0.10350877  0.09473684]
[ 0.09632224  0.52364273  0.1821366   0.1033275   0.09457093]
[ 0.09615385  0.52447552  0.18181818  0.10314685  0.09440559]
[ 0.09598604  0.52530541  0.18150087  0.10296684  0.09424084]
[ 0.09581882  0.5261324   0.18118467  0.10278746  0.09407666]
[ 0.09565217  0.52521739  0.18086957  0.10434783  0.09391304]
[ 0.09548611  0.52604167  0.18055556  0.10416667  0.09375   ]
[ 0.09532062  0.52512998  0.18024263  0.10398614  0.09532062]
[ 0.09515571  0.52595156  0.1799308   0.10380623  0.09515571]
[ 0.09671848  0.52504318  0.17962003  0.10362694  0.09499136]
[ 0.09655172  0.52586207  0.17931034  0.10344828  0.09482759]
[ 0.09638554  0.52667814  0.17900172  0.10327022  0.09466437]
[ 0.09621993  0.52749141  0.17869416  0.10309278  0.09450172]
[ 0.09605489  0.52830189  0.17838765  0.10291595  0.09433962]
[ 0.09589041  0.52910959  0.17808219  0.10273973  0.09417808]
[ 0.0957265   0.52991453  0.17777778  0.1025641   0.09401709]
[ 0.09556314  0.53071672  0.1774744   0.10238908  0.09385666]
[ 0.09540034  0.52981261  0.17717206  0.10221465  0.09540034]
[ 0.0952381   0.53061224  0.17687075  0.10204082  0.0952381 ]
[ 0.0950764   0.53140917  0.17657046  0.10186757  0.0950764 ]
[ 0.09491525  0.53220339  0.17627119  0.10169492  0.09491525]
[ 0.09475465  0.53130288  0.17766497  0.10152284  0.09475465]
[ 0.09459459  0.53040541  0.17905405  0.10135135  0.09459459]
[ 0.09443508  0.5311973   0.17875211  0.10118044  0.09443508]
[ 0.09427609  0.53198653  0.17845118  0.1010101   0.09427609]
[ 0.09411765  0.53109244  0.17815126  0.10084034  0.09579832]
[ 0.09395973  0.53020134  0.17785235  0.10234899  0.09563758]
[ 0.09380235  0.52931323  0.17755444  0.10217755  0.09715243]
[ 0.09364548  0.53010033  0.17725753  0.10200669  0.09698997]
[ 0.09348915  0.52921536  0.1769616   0.10350584  0.09682805]
[ 0.09333333  0.53        0.17666667  0.10333333  0.09666667]
[ 0.09317804  0.52911814  0.17637271  0.1031614   0.09816972]
[ 0.09302326  0.52990033  0.17607973  0.10299003  0.09800664]
[ 0.09286899  0.53067993  0.17578773  0.10281924  0.09784411]
[ 0.09271523  0.53145695  0.17549669  0.10264901  0.09768212]
[ 0.09256198  0.5322314   0.17520661  0.10247934  0.09752066]
[ 0.09240924  0.5330033   0.17491749  0.10231023  0.09735974]
[ 0.092257    0.53377265  0.17462932  0.10214168  0.09719934]
[ 0.09210526  0.53453947  0.17434211  0.10197368  0.09703947]
[ 0.09195402  0.53530378  0.17405583  0.10180624  0.09688013]
[ 0.09180328  0.53606557  0.17377049  0.10163934  0.09672131]
[ 0.09165303  0.53518822  0.17348609  0.101473    0.09819967]
[ 0.09150327  0.53594771  0.17320261  0.10130719  0.09803922]
[ 0.091354    0.53670473  0.17292007  0.10114192  0.09787928]
[ 0.09120521  0.53745928  0.17263844  0.1009772   0.09771987]
[ 0.09105691  0.53821138  0.17235772  0.10081301  0.09756098]
[ 0.09090909  0.53896104  0.17207792  0.10064935  0.0974026 ]
[ 0.09076175  0.53808752  0.17179903  0.10048622  0.09886548]
[ 0.09061489  0.53721683  0.17152104  0.10194175  0.0987055 ]
[ 0.0904685   0.53796446  0.17124394  0.10177706  0.09854604]
[ 0.09032258  0.53709677  0.17096774  0.10322581  0.0983871 ]
[ 0.09017713  0.53784219  0.17069243  0.10305958  0.09822866]
[ 0.09003215  0.53697749  0.17041801  0.10450161  0.09807074]
[ 0.08988764  0.53772071  0.17014446  0.10433387  0.09791332]
[ 0.08974359  0.53846154  0.16987179  0.10416667  0.09775641]
[ 0.0896  0.5392  0.1696  0.104   0.0976]
[ 0.08945687  0.5399361   0.16932907  0.10383387  0.09744409]
[ 0.08931419  0.54066986  0.16905901  0.10366826  0.09728868]
[ 0.08917197  0.53980892  0.16878981  0.10509554  0.09713376]
[ 0.08903021  0.54054054  0.16852146  0.10492846  0.09697933]
[ 0.08888889  0.54126984  0.16825397  0.1047619   0.0968254 ]
[ 0.08874802  0.54041204  0.16957211  0.10459588  0.09667195]
[ 0.08860759  0.53955696  0.17088608  0.10443038  0.09651899]
[ 0.08846761  0.54028436  0.17061611  0.1042654   0.09636651]
[ 0.08832808  0.54100946  0.170347    0.10410095  0.09621451]
[ 0.08818898  0.54173228  0.17007874  0.10393701  0.09606299]
[ 0.08805031  0.54245283  0.16981132  0.10377358  0.09591195]
[ 0.08791209  0.54317111  0.16954474  0.10361068  0.09576138]
[ 0.08777429  0.54388715  0.169279    0.10344828  0.09561129]
[ 0.08763693  0.54460094  0.16901408  0.10328638  0.09546166]
[ 0.0875     0.5453125  0.16875    0.103125   0.0953125]
[ 0.08736349  0.54602184  0.16848674  0.10296412  0.09516381]
[ 0.08722741  0.54672897  0.1682243   0.10280374  0.09501558]
[ 0.08709176  0.5474339   0.16796267  0.10264386  0.09486781]
[ 0.08695652  0.54813665  0.16770186  0.10248447  0.0947205 ]
[ 0.08682171  0.54728682  0.16899225  0.10232558  0.09457364]
[ 0.08668731  0.54643963  0.17027864  0.10216718  0.09442724]
[ 0.08655332  0.54714065  0.17001546  0.10200927  0.0942813 ]
[ 0.08641975  0.54783951  0.16975309  0.10185185  0.0941358 ]
[ 0.08628659  0.54699538  0.17103236  0.10169492  0.09399076]
[ 0.08615385  0.54769231  0.17076923  0.10153846  0.09384615]
[ 0.08602151  0.546851    0.17050691  0.10291859  0.093702  ]
[ 0.08588957  0.54601227  0.1702454   0.10429448  0.09355828]
[ 0.08575804  0.5467075   0.16998469  0.10413476  0.09341501]
[ 0.08562691  0.54740061  0.16972477  0.10397554  0.09327217]
[ 0.08549618  0.5480916   0.16946565  0.10381679  0.09312977]
[ 0.08536585  0.5472561   0.16920732  0.10518293  0.0929878 ]
[ 0.08523592  0.54794521  0.16894977  0.10502283  0.09284627]
[ 0.08510638  0.54863222  0.16869301  0.10486322  0.09270517]
[ 0.08497724  0.54931715  0.16843703  0.1047041   0.09256449]
[ 0.08484848  0.55        0.16818182  0.10454545  0.09242424]
[ 0.08472012  0.55068079  0.16792738  0.10438729  0.09228442]
[ 0.08459215  0.54984894  0.16918429  0.10422961  0.09214502]
[ 0.08446456  0.5505279   0.16892911  0.1040724   0.09200603]
[ 0.08433735  0.55120482  0.1686747   0.10391566  0.09186747]
[ 0.08421053  0.55037594  0.16842105  0.10526316  0.09172932]
[ 0.08408408  0.54954955  0.16966967  0.10510511  0.09159159]
[ 0.08545727  0.54872564  0.16941529  0.10494753  0.09145427]
[ 0.08532934  0.5494012   0.16916168  0.10479042  0.09131737]
[ 0.08520179  0.55007474  0.16890882  0.10463378  0.09118087]
[ 0.08507463  0.55074627  0.16865672  0.10447761  0.09104478]
[ 0.08494784  0.5514158   0.16840537  0.10432191  0.09090909]
[ 0.08482143  0.55059524  0.16815476  0.10565476  0.09077381]
[ 0.08469539  0.54977712  0.16939079  0.10549777  0.09063893]
[ 0.08456973  0.5504451   0.16913947  0.10534125  0.09050445]
[ 0.08444444  0.54962963  0.17037037  0.10518519  0.09037037]
[ 0.08431953  0.55029586  0.17011834  0.10502959  0.09023669]
[ 0.08419498  0.54948301  0.16986706  0.10635155  0.0901034 ]
[ 0.08554572  0.54867257  0.16961652  0.10619469  0.0899705 ]
[ 0.08541973  0.54933726  0.16936672  0.10603829  0.089838  ]
[ 0.08529412  0.55        0.16911765  0.10588235  0.08970588]
[ 0.0866373   0.54919236  0.16886931  0.10572687  0.08957416]
[ 0.08651026  0.54985337  0.1686217   0.10557185  0.08944282]
[ 0.0863836   0.55051245  0.16837482  0.10541728  0.08931186]
[ 0.0877193   0.5497076   0.16812865  0.10526316  0.08918129]
[ 0.08759124  0.55036496  0.16788321  0.10510949  0.08905109]
[ 0.08746356  0.54956268  0.16763848  0.10495627  0.09037901]
[ 0.08733624  0.54876274  0.16739447  0.1062591   0.09024745]
[ 0.0872093   0.5494186   0.16715116  0.10610465  0.09011628]
[ 0.08708273  0.55007257  0.16690856  0.10595065  0.08998549]
[ 0.08695652  0.55072464  0.16666667  0.1057971   0.08985507]
[ 0.08683068  0.55137482  0.16642547  0.10564399  0.08972504]
[ 0.0867052   0.55202312  0.16618497  0.10549133  0.08959538]
[ 0.08658009  0.55266955  0.16594517  0.10533911  0.08946609]
[ 0.08645533  0.5518732   0.16570605  0.10518732  0.0907781 ]
[ 0.08633094  0.55251799  0.16546763  0.10503597  0.09064748]
[ 0.0862069   0.55316092  0.16522989  0.10488506  0.09051724]
[ 0.08608321  0.55380201  0.16499283  0.10473458  0.09038737]
[ 0.08595989  0.55444126  0.16475645  0.10458453  0.09025788]
[ 0.08583691  0.55507868  0.16452074  0.10443491  0.09012876]
[ 0.08571429  0.55571429  0.16428571  0.10428571  0.09      ]
[ 0.08559201  0.55634807  0.16405136  0.10413695  0.08987161]
[ 0.08547009  0.55698006  0.16381766  0.1039886   0.08974359]
[ 0.08534851  0.55761024  0.16358464  0.10384068  0.08961593]
[ 0.08522727  0.55823864  0.16335227  0.10369318  0.08948864]
[ 0.08510638  0.55886525  0.16312057  0.1035461   0.0893617 ]
[ 0.08498584  0.55807365  0.16288952  0.10339943  0.09065156]
[ 0.08486563  0.55869873  0.16265912  0.10325318  0.09052334]
[ 0.08474576  0.55932203  0.16242938  0.10310734  0.09039548]
[ 0.08462623  0.55994358  0.16220028  0.10296192  0.09026798]
[ 0.08450704  0.56056338  0.16197183  0.1028169   0.09014085]
[ 0.08438819  0.55977496  0.16174402  0.10407876  0.09001406]
[ 0.08426966  0.56039326  0.16151685  0.10393258  0.08988764]
[ 0.08415147  0.56100982  0.16129032  0.10378682  0.08976157]
[ 0.08403361  0.56022409  0.16246499  0.10364146  0.08963585]
[ 0.08391608  0.56083916  0.16223776  0.1034965   0.08951049]
[ 0.08379888  0.56145251  0.16201117  0.10335196  0.08938547]
[ 0.08368201  0.56206416  0.16178522  0.10320781  0.08926081]
[ 0.08356546  0.56267409  0.16155989  0.10306407  0.08913649]
[ 0.08344924  0.56328234  0.16133519  0.10292072  0.08901252]
[ 0.08333333  0.56388889  0.16111111  0.10277778  0.08888889]
[ 0.08321775  0.5631068   0.16227462  0.10263523  0.0887656 ]
[ 0.08310249  0.56371191  0.16204986  0.10249307  0.08864266]
[ 0.08298755  0.56431535  0.16182573  0.10235131  0.08852006]
[ 0.08287293  0.56353591  0.16298343  0.10220994  0.08839779]
[ 0.08275862  0.56413793  0.16275862  0.10206897  0.08827586]
[ 0.08264463  0.56336088  0.16391185  0.10192837  0.08815427]
[ 0.08253095  0.56396149  0.16368638  0.10178817  0.08803301]
[ 0.08241758  0.56456044  0.16346154  0.10164835  0.08791209]
[ 0.08230453  0.56378601  0.16460905  0.10150892  0.0877915 ]
[ 0.08219178  0.56438356  0.16438356  0.10136986  0.08767123]
[ 0.08207934  0.56361149  0.16552668  0.10123119  0.0875513 ]
[ 0.08196721  0.56284153  0.16530055  0.10245902  0.08743169]
[ 0.08185539  0.56343793  0.16507503  0.10231924  0.08731241]
[ 0.08174387  0.5626703   0.16621253  0.10217984  0.08719346]
[ 0.08163265  0.56190476  0.16598639  0.10204082  0.08843537]
[ 0.08152174  0.5625      0.16576087  0.10190217  0.08831522]
[ 0.08141113  0.56309362  0.16553596  0.10176391  0.08819539]
1000 avg_tip:  0.838  staytime:  3.478
[ 0.08130081  0.56368564  0.16531165  0.10162602  0.08807588]
[ 0.0811908   0.56427605  0.16508796  0.1014885   0.0879567 ]
[ 0.08108108  0.56351351  0.16486486  0.1027027   0.08783784]
[ 0.08097166  0.56410256  0.16464238  0.1025641   0.0877193 ]
[ 0.08086253  0.56334232  0.16576819  0.10242588  0.08760108]
[ 0.0807537   0.56393001  0.16554509  0.10228802  0.08748318]
[ 0.08198925  0.56317204  0.16532258  0.10215054  0.08736559]
[ 0.08187919  0.56375839  0.16510067  0.10201342  0.08724832]
[ 0.08176944  0.56434316  0.16487936  0.10187668  0.08713137]
[ 0.08165997  0.56492637  0.16465863  0.10174029  0.08701473]
[ 0.0815508   0.56417112  0.1657754   0.10160428  0.0868984 ]
[ 0.08144192  0.564753    0.16555407  0.10146862  0.08678238]
[ 0.08133333  0.56533333  0.16533333  0.10133333  0.08666667]
[ 0.08122503  0.56458056  0.16644474  0.1011984   0.08655126]
[ 0.08111702  0.56515957  0.1662234   0.10106383  0.08643617]
[ 0.0810093   0.56573705  0.16600266  0.10092961  0.08632138]
[ 0.08090186  0.566313    0.16578249  0.10079576  0.0862069 ]
[ 0.0807947   0.56556291  0.16556291  0.10066225  0.08741722]
[ 0.08068783  0.56481481  0.16534392  0.1005291   0.08862434]
[ 0.08058124  0.5653897   0.1651255   0.1003963   0.08850727]
[ 0.08047493  0.56596306  0.16490765  0.10026385  0.0883905 ]
[ 0.08036891  0.56653491  0.16469038  0.10013175  0.08827404]
[ 0.08026316  0.56710526  0.16447368  0.1         0.08815789]
[ 0.08147175  0.56636005  0.16425756  0.09986859  0.08804205]
[ 0.08136483  0.5656168   0.16535433  0.09973753  0.08792651]
[ 0.08125819  0.56618611  0.16513761  0.09960682  0.08781127]
[ 0.08115183  0.56675393  0.16492147  0.09947644  0.08769634]
[ 0.08104575  0.56732026  0.16470588  0.09934641  0.0875817 ]
[ 0.08093995  0.56788512  0.16449086  0.09921671  0.08746736]
[ 0.08083442  0.5684485   0.1642764   0.09908735  0.08735332]
[ 0.08072917  0.56901042  0.1640625   0.09895833  0.08723958]
[ 0.08062419  0.56957087  0.16384915  0.09882965  0.08712614]
[ 0.08051948  0.57012987  0.16363636  0.0987013   0.08701299]
[ 0.08041505  0.57068742  0.16342412  0.09857328  0.08690013]
[ 0.08031088  0.57124352  0.16321244  0.0984456   0.08678756]
[ 0.08020699  0.57050453  0.16429495  0.09831824  0.08667529]
[ 0.08010336  0.57105943  0.16408269  0.09819121  0.08656331]
[ 0.08        0.57032258  0.16516129  0.09806452  0.08645161]
[ 0.08118557  0.56958763  0.16494845  0.09793814  0.08634021]
[ 0.08108108  0.57014157  0.16473616  0.0978121   0.08622909]
[ 0.08097686  0.56940874  0.16580977  0.09768638  0.08611825]
[ 0.08087291  0.56996149  0.16559692  0.09756098  0.0860077 ]
[ 0.08076923  0.57051282  0.16538462  0.0974359   0.08589744]
[ 0.08066581  0.56978233  0.16517286  0.09859155  0.08578745]
[ 0.08056266  0.56905371  0.16624041  0.09846547  0.08567775]
[ 0.08045977  0.56832695  0.16730524  0.09833972  0.08556833]
[ 0.08035714  0.56887755  0.16709184  0.09821429  0.08545918]
[ 0.08025478  0.56815287  0.16687898  0.09808917  0.0866242 ]
[ 0.08015267  0.56870229  0.16666667  0.09796438  0.08651399]
[ 0.08005083  0.56925032  0.16645489  0.0978399   0.08640407]
[ 0.07994924  0.56979695  0.16624365  0.09771574  0.08629442]
[ 0.07984791  0.57034221  0.16603295  0.09759189  0.08618504]
[ 0.07974684  0.56962025  0.16708861  0.09746835  0.08607595]
[ 0.07964602  0.57016435  0.16687737  0.09734513  0.08596713]
[ 0.07954545  0.57070707  0.16666667  0.09722222  0.08585859]
[ 0.07944515  0.57124842  0.16645649  0.09709962  0.08575032]
[ 0.07934509  0.57178841  0.16624685  0.09697733  0.08564232]
[ 0.07924528  0.57232704  0.16603774  0.09685535  0.08553459]
[ 0.07914573  0.57160804  0.16708543  0.09673367  0.08542714]
[ 0.07904642  0.57214555  0.16687578  0.0966123   0.08531995]
[ 0.07894737  0.57142857  0.1679198   0.09649123  0.08521303]
[ 0.07884856  0.57196496  0.16770964  0.09637046  0.08510638]
[ 0.07875  0.5725   0.1675   0.09625  0.085  ]
[ 0.07865169  0.57303371  0.16729089  0.09612984  0.08489388]
[ 0.07855362  0.5723192   0.16832918  0.09600998  0.08478803]
[ 0.07845579  0.57160648  0.16811955  0.09713574  0.08468244]
[ 0.07835821  0.5721393   0.16791045  0.09701493  0.08457711]
[ 0.07826087  0.57142857  0.16770186  0.09813665  0.08447205]
[ 0.07816377  0.5719603   0.1674938   0.09801489  0.08436725]
[ 0.07806691  0.57249071  0.16728625  0.09789343  0.0842627 ]
[ 0.0779703   0.5730198   0.16707921  0.09777228  0.08415842]
[ 0.07787392  0.5723115   0.16810878  0.09765142  0.08405439]
[ 0.07777778  0.57283951  0.16790123  0.09753086  0.08395062]
[ 0.07768187  0.57336621  0.1676942   0.0974106   0.0838471 ]
[ 0.07758621  0.5726601   0.16871921  0.09729064  0.08374384]
[ 0.07749077  0.57195572  0.16851169  0.09840098  0.08364084]
[ 0.07739558  0.57248157  0.16830467  0.0982801   0.08353808]
[ 0.07730061  0.57300613  0.16809816  0.09815951  0.08343558]
[ 0.07720588  0.57230392  0.16789216  0.09926471  0.08333333]
[ 0.07711138  0.57282742  0.16768666  0.09914321  0.08323133]
[ 0.07701711  0.57212714  0.16748166  0.1002445   0.08312958]
[ 0.07692308  0.57264957  0.16727717  0.1001221   0.08302808]
[ 0.07682927  0.57317073  0.16707317  0.1         0.08292683]
[ 0.07673569  0.57369062  0.16686967  0.0998782   0.08282582]
[ 0.07664234  0.57420925  0.16666667  0.09975669  0.08272506]
[ 0.07654921  0.57472661  0.16646416  0.09963548  0.08262454]
[ 0.07645631  0.57524272  0.16626214  0.09951456  0.08252427]
[ 0.07636364  0.57575758  0.16606061  0.09939394  0.08242424]
[ 0.07627119  0.57506053  0.16707022  0.09927361  0.08232446]
[ 0.07617896  0.57557437  0.1668682   0.09915357  0.08222491]
[ 0.07608696  0.57608696  0.16666667  0.09903382  0.0821256 ]
[ 0.07599517  0.57539204  0.16646562  0.10012063  0.08202654]
[ 0.07590361  0.57590361  0.16626506  0.1         0.08192771]
[ 0.07581227  0.57641396  0.16606498  0.09987966  0.08182912]
[ 0.07572115  0.57692308  0.16586538  0.09975962  0.08173077]
[ 0.07563025  0.57743097  0.16566627  0.09963986  0.08163265]
[ 0.07553957  0.57793765  0.16546763  0.09952038  0.08153477]
[ 0.0754491   0.57724551  0.16646707  0.0994012   0.08143713]
[ 0.07535885  0.5777512   0.16626794  0.0992823   0.08133971]
[ 0.07526882  0.57825568  0.1660693   0.09916368  0.08124253]
[ 0.075179    0.57875895  0.16587112  0.09904535  0.08114558]
[ 0.07508939  0.57926103  0.16567342  0.09892729  0.08104887]
[ 0.075       0.5797619   0.16547619  0.09880952  0.08095238]
[ 0.07491082  0.58026159  0.16527943  0.09869203  0.08085612]
[ 0.07482185  0.57957245  0.16627078  0.09857482  0.0807601 ]
[ 0.0747331   0.58007117  0.16607355  0.09845789  0.08066429]
[ 0.07464455  0.58056872  0.16587678  0.09834123  0.08056872]
[ 0.07455621  0.58106509  0.16568047  0.09822485  0.08047337]
[ 0.07446809  0.58156028  0.16548463  0.09810875  0.08037825]
[ 0.07438017  0.58205431  0.16528926  0.09799292  0.08028335]
[ 0.07429245  0.58254717  0.16509434  0.09787736  0.08018868]
[ 0.07420495  0.58186101  0.16607774  0.09776207  0.08009423]
[ 0.07411765  0.58235294  0.16588235  0.09764706  0.08      ]
[ 0.07403055  0.58166863  0.16568743  0.09753231  0.08108108]
[ 0.07394366  0.58215962  0.16549296  0.09741784  0.08098592]
[ 0.07385698  0.58147714  0.16529894  0.09730363  0.08206331]
[ 0.07377049  0.58196721  0.16510539  0.0971897   0.08196721]
[ 0.07368421  0.58245614  0.16491228  0.09707602  0.08187135]
[ 0.07359813  0.58294393  0.16471963  0.09696262  0.0817757 ]
[ 0.07351225  0.58343057  0.16452742  0.09684947  0.08168028]
[ 0.07342657  0.58391608  0.16433566  0.0967366   0.08158508]
[ 0.07334109  0.58440047  0.16414435  0.09662398  0.0814901 ]
[ 0.07325581  0.58488372  0.16395349  0.09651163  0.08139535]
[ 0.07317073  0.58420441  0.16492451  0.09639954  0.08130081]
[ 0.07308585  0.58468677  0.16473318  0.0962877   0.0812065 ]
[ 0.07300116  0.58400927  0.16454229  0.09617613  0.08227115]
[ 0.07291667  0.58333333  0.16435185  0.09606481  0.08333333]
[ 0.07283237  0.58381503  0.16416185  0.09595376  0.08323699]
[ 0.07274827  0.58429561  0.16397229  0.09584296  0.08314088]
[ 0.07266436  0.58477509  0.16378316  0.09573241  0.08304498]
[ 0.07258065  0.58410138  0.16359447  0.09677419  0.08294931]
[ 0.07249712  0.58342923  0.16455696  0.09666283  0.08285386]
[ 0.07241379  0.58275862  0.16436782  0.09655172  0.08390805]
[ 0.07233065  0.58323766  0.1641791   0.09644087  0.08381171]
[ 0.0733945   0.58256881  0.16399083  0.09633028  0.0837156 ]
[ 0.07331042  0.58304696  0.16380298  0.09621993  0.0836197 ]
[ 0.07322654  0.58352403  0.16361556  0.09610984  0.08352403]
[ 0.07314286  0.584       0.16342857  0.096       0.08342857]
[ 0.07305936  0.58447489  0.16324201  0.09589041  0.08333333]
[ 0.07297605  0.58494869  0.16305587  0.09578107  0.08323831]
[ 0.07289294  0.58542141  0.16287016  0.09567198  0.08314351]
[ 0.07281001  0.58589306  0.16268487  0.09556314  0.08304892]
[ 0.07272727  0.58636364  0.1625      0.09545455  0.08295455]
[ 0.07264472  0.58683314  0.16231555  0.0953462   0.08286039]
[ 0.07256236  0.5861678   0.16326531  0.0952381   0.08276644]
[ 0.07248018  0.58663647  0.16308041  0.09513024  0.08267271]
[ 0.07239819  0.58710407  0.16289593  0.09502262  0.08257919]
[ 0.07231638  0.58757062  0.16271186  0.09491525  0.08248588]
[ 0.07223476  0.58803612  0.16252822  0.09480813  0.08239278]
[ 0.07215333  0.58850056  0.16234498  0.09470124  0.08229989]
[ 0.07207207  0.58896396  0.16216216  0.09459459  0.08220721]
[ 0.071991    0.58942632  0.16197975  0.09448819  0.08211474]
[ 0.07191011  0.58988764  0.16179775  0.09438202  0.08202247]
[ 0.07182941  0.59034792  0.16161616  0.09427609  0.08193042]
[ 0.07174888  0.59080717  0.16143498  0.0941704   0.08183857]
[ 0.07166853  0.59014558  0.16237402  0.09406495  0.08174692]
[ 0.07158837  0.59060403  0.16219239  0.09395973  0.08165548]
[ 0.07150838  0.59106145  0.16201117  0.09385475  0.08156425]
[ 0.07142857  0.59151786  0.16183036  0.09375     0.08147321]
[ 0.07134894  0.59085842  0.16276477  0.09364548  0.08138239]
[ 0.07126949  0.59131403  0.16258352  0.0935412   0.08129176]
[ 0.07119021  0.59176863  0.16240267  0.09343715  0.08120133]
[ 0.07111111  0.59111111  0.16222222  0.09333333  0.08222222]
[ 0.07103219  0.59045505  0.16315205  0.09322974  0.08213097]
[ 0.07095344  0.59090909  0.16297118  0.09312639  0.08203991]
[ 0.07087486  0.59025471  0.16389812  0.09302326  0.08194906]
[ 0.07079646  0.59070796  0.16371681  0.09292035  0.08185841]
[ 0.07071823  0.59005525  0.16464088  0.09281768  0.08176796]
[ 0.07064018  0.59050773  0.16445916  0.09271523  0.0816777 ]
[ 0.07056229  0.59095921  0.16427784  0.09261301  0.08158765]
[ 0.07048458  0.59140969  0.16409692  0.09251101  0.0814978 ]
[ 0.07040704  0.59075908  0.16391639  0.09350935  0.08140814]
[ 0.07032967  0.59120879  0.16373626  0.09340659  0.08131868]
[ 0.07025247  0.59165752  0.16355653  0.09330406  0.08122942]
[ 0.07017544  0.59210526  0.16337719  0.09320175  0.08114035]
[ 0.07009858  0.59145674  0.16319825  0.09419496  0.08105148]
[ 0.07002188  0.59190372  0.16301969  0.0940919   0.0809628 ]
[ 0.06994536  0.59234973  0.16284153  0.09398907  0.08087432]
[ 0.069869    0.59279476  0.16266376  0.09388646  0.08078603]
[ 0.0697928   0.59323882  0.16248637  0.09378408  0.08069793]
[ 0.06971678  0.59368192  0.16230937  0.09368192  0.08061002]
[ 0.06964091  0.59412405  0.16213275  0.09357998  0.08052231]
[ 0.06956522  0.59347826  0.16304348  0.09347826  0.08043478]
[ 0.06948969  0.59283388  0.16286645  0.09446254  0.08034745]
[ 0.06941432  0.59219089  0.1637744   0.09436009  0.0802603 ]
[ 0.06933911  0.59263272  0.16359697  0.09425785  0.08017335]
[ 0.06926407  0.59199134  0.16341991  0.0952381   0.08008658]
[ 0.06918919  0.59243243  0.16324324  0.09513514  0.08      ]
[ 0.06911447  0.59179266  0.16306695  0.0950324   0.08099352]
[ 0.06903991  0.59223301  0.16289105  0.09492988  0.08090615]
[ 0.06896552  0.59267241  0.16271552  0.09482759  0.08081897]
[ 0.06889128  0.59311087  0.16254037  0.09472551  0.08073197]
[ 0.0688172   0.59354839  0.16236559  0.09462366  0.08064516]
[ 0.06874329  0.59398496  0.16219119  0.09452202  0.08055854]
[ 0.06866953  0.59334764  0.16201717  0.09549356  0.0804721 ]
[ 0.06859593  0.59271168  0.16291533  0.09539121  0.08038585]
[ 0.06852248  0.59207709  0.16381156  0.09528908  0.08029979]
[ 0.0684492   0.59144385  0.16470588  0.09518717  0.0802139 ]
[ 0.06837607  0.59188034  0.16452991  0.09508547  0.08012821]
[ 0.06830309  0.5923159   0.16435432  0.09498399  0.08004269]
[ 0.06823028  0.59168443  0.1652452   0.09488273  0.07995736]
[ 0.06815761  0.59211928  0.16506922  0.09478168  0.0798722 ]
[ 0.06808511  0.59148936  0.16489362  0.09468085  0.08085106]
[ 0.06801275  0.59192349  0.16471838  0.09458023  0.08076514]
[ 0.06794055  0.59235669  0.16454352  0.09447983  0.08067941]
[ 0.0678685   0.59278897  0.16436903  0.09437964  0.08059385]
[ 0.06779661  0.59322034  0.16419492  0.09427966  0.08050847]
[ 0.06772487  0.59259259  0.16507937  0.09417989  0.08042328]
[ 0.06765328  0.59302326  0.16490486  0.09408034  0.08033827]
[ 0.06758184  0.59239704  0.16578669  0.09398099  0.08025343]
[ 0.06751055  0.592827    0.16561181  0.09388186  0.08016878]
[ 0.06743941  0.59325606  0.1654373   0.09378293  0.0800843 ]
[ 0.06736842  0.59368421  0.16526316  0.09368421  0.08      ]
[ 0.06729758  0.59305994  0.1661409   0.0935857   0.07991588]
[ 0.06722689  0.59348739  0.16596639  0.09348739  0.07983193]
[ 0.06715635  0.59391396  0.16579224  0.0933893   0.07974816]
[ 0.06708595  0.59433962  0.16561845  0.0932914   0.07966457]
[ 0.06701571  0.59371728  0.16649215  0.09319372  0.07958115]
[ 0.06694561  0.59414226  0.16631799  0.09309623  0.07949791]
[ 0.06687565  0.59456635  0.1661442   0.09299896  0.07941484]
[ 0.06680585  0.59498956  0.16597077  0.09290188  0.07933194]
[ 0.06673618  0.59541189  0.16579771  0.09280501  0.07924922]
[ 0.06666667  0.59583333  0.165625    0.09270833  0.07916667]
[ 0.06659729  0.5962539   0.16545265  0.09261186  0.07908429]
[ 0.06652807  0.5966736   0.16528067  0.09251559  0.07900208]
[ 0.06645898  0.596054    0.16614746  0.09241952  0.07892004]
[ 0.06639004  0.59543568  0.16701245  0.09232365  0.07883817]
[ 0.06632124  0.59585492  0.16683938  0.09222798  0.07875648]
[ 0.06625259  0.5952381   0.16666667  0.0931677   0.07867495]
[ 0.06618407  0.59565667  0.16649431  0.09307135  0.07859359]
[ 0.0661157   0.59607438  0.16632231  0.09297521  0.0785124 ]
[ 0.06604747  0.59649123  0.16615067  0.09287926  0.07843137]
[ 0.06597938  0.59690722  0.16597938  0.09278351  0.07835052]
[ 0.0669413   0.59629248  0.16580844  0.09268795  0.07826982]
[ 0.06687243  0.59670782  0.16563786  0.09259259  0.0781893 ]
[ 0.0668037   0.5971223   0.16546763  0.09249743  0.07810894]
[ 0.06673511  0.59753593  0.16529774  0.09240246  0.07802875]
[ 0.06666667  0.59794872  0.16512821  0.09230769  0.07794872]
[ 0.06659836  0.59836066  0.16495902  0.09221311  0.07786885]
[ 0.06653019  0.59774821  0.16479017  0.09211873  0.07881269]
[ 0.06646217  0.59815951  0.16462168  0.09202454  0.07873211]
[ 0.06639428  0.59856997  0.16445352  0.09193054  0.07865169]
[ 0.06632653  0.59897959  0.16428571  0.09183673  0.07857143]
[ 0.06625892  0.59938838  0.16411825  0.09174312  0.07849134]
[ 0.06619145  0.59979633  0.16395112  0.09164969  0.07841141]
[ 0.06612411  0.59918616  0.16480163  0.09155646  0.07833164]
[ 0.06605691  0.5995935   0.16463415  0.09146341  0.07825203]
[ 0.06598985  0.6         0.16446701  0.09137056  0.07817259]
[ 0.06592292  0.60040568  0.1643002   0.09127789  0.07809331]
[ 0.06585613  0.60081054  0.16413374  0.09118541  0.07801418]
[ 0.06578947  0.60020243  0.16497976  0.09109312  0.07793522]
[ 0.06572295  0.60060667  0.16481294  0.09100101  0.07785642]
[ 0.06565657  0.6010101   0.16464646  0.09090909  0.07777778]
[ 0.06559031  0.60040363  0.16448032  0.09182644  0.07769929]
[ 0.06552419  0.60080645  0.16431452  0.09173387  0.07762097]
[ 0.06545821  0.60120846  0.16414904  0.09164149  0.0775428 ]
2000 avg_tip:  0.83874  staytime:  3.79
[ 0.06539235  0.60060362  0.16498994  0.0915493   0.07746479]
[ 0.06532663  0.60100503  0.16482412  0.09145729  0.07738693]
[ 0.06526104  0.60140562  0.16465863  0.09136546  0.07730924]
[ 0.06519559  0.60080241  0.16549649  0.09127382  0.0772317 ]
[ 0.06613226  0.6002004   0.16533066  0.09118236  0.07715431]
[ 0.06606607  0.5995996   0.16616617  0.09109109  0.07707708]
[ 0.066  0.6    0.166  0.091  0.077]
[ 0.06593407  0.6003996   0.16583417  0.09090909  0.07692308]
[ 0.06586826  0.5998004   0.16566866  0.09181637  0.07684631]
[ 0.06580259  0.59920239  0.1665005   0.09172483  0.07676969]
[ 0.06573705  0.59860558  0.16633466  0.09262948  0.07669323]
[ 0.06567164  0.59900498  0.16616915  0.09253731  0.07661692]
[ 0.06560636  0.59840954  0.16699801  0.09244533  0.07654076]
[ 0.06554121  0.59880834  0.16683217  0.09235353  0.07646475]
[ 0.06547619  0.59821429  0.16666667  0.09325397  0.07638889]
[ 0.0654113   0.59762141  0.16749257  0.09316155  0.07631318]
[ 0.06534653  0.5980198   0.16732673  0.09306931  0.07623762]
[ 0.0652819   0.59742829  0.16716123  0.09297725  0.07715134]
[ 0.06521739  0.59782609  0.16699605  0.09288538  0.0770751 ]
[ 0.06614018  0.59723593  0.16683119  0.09279368  0.07699901]
[ 0.06607495  0.59664694  0.16666667  0.09368836  0.07692308]
[ 0.06600985  0.59605911  0.16748768  0.09359606  0.07684729]
[ 0.06594488  0.59645669  0.16732283  0.09350394  0.07677165]
[ 0.06588004  0.59587021  0.16715831  0.09439528  0.07669617]
[ 0.06581532  0.59626719  0.16699411  0.09430255  0.07662083]
[ 0.06575074  0.59568204  0.16781158  0.09421001  0.07654563]
[ 0.06568627  0.59607843  0.16764706  0.09411765  0.07647059]
[ 0.06562194  0.59549461  0.16846229  0.09402547  0.07639569]
[ 0.06555773  0.59491194  0.16829746  0.09393346  0.07729941]
[ 0.06549365  0.59530792  0.16813294  0.09384164  0.07722385]
[ 0.06542969  0.59472656  0.16894531  0.09375     0.07714844]
[ 0.06536585  0.59512195  0.16878049  0.09365854  0.07707317]
[ 0.06530214  0.59454191  0.16959064  0.09356725  0.07699805]
[ 0.06523856  0.593963    0.17039922  0.09347614  0.07692308]
[ 0.0651751   0.59435798  0.17023346  0.09338521  0.07684825]
[ 0.06511176  0.59475219  0.17006803  0.09329446  0.07677357]
[ 0.06504854  0.59514563  0.16990291  0.09320388  0.07669903]
[ 0.06498545  0.59456838  0.16973812  0.09311348  0.07759457]
[ 0.06492248  0.59496124  0.16957364  0.09302326  0.07751938]
[ 0.06485963  0.59535334  0.16940949  0.0929332   0.07744434]
[ 0.06479691  0.59477756  0.17021277  0.09284333  0.07736944]
[ 0.0647343   0.5942029   0.17101449  0.09275362  0.07729469]
[ 0.06467181  0.59459459  0.17084942  0.09266409  0.07722008]
[ 0.06460945  0.59402122  0.17068467  0.09353905  0.07714561]
[ 0.06454721  0.59441233  0.17052023  0.09344894  0.07707129]
[ 0.06448508  0.59384023  0.17131858  0.093359    0.07699711]
[ 0.06442308  0.59326923  0.17211538  0.09326923  0.07692308]
[ 0.06436119  0.59269933  0.17291066  0.09317963  0.07684918]
[ 0.06429942  0.59309021  0.17274472  0.09309021  0.07677543]
[ 0.06423778  0.59348035  0.1725791   0.09300096  0.07670182]
[ 0.06417625  0.59386973  0.17241379  0.09291188  0.07662835]
[ 0.06411483  0.59330144  0.1722488   0.0937799   0.07655502]
[ 0.06405354  0.59273423  0.17304015  0.09369025  0.07648184]
[ 0.06399236  0.59312321  0.17287488  0.09360076  0.07640879]
[ 0.0639313   0.59351145  0.17270992  0.09351145  0.07633588]
[ 0.06387035  0.59389895  0.17254528  0.09342231  0.07626311]
[ 0.06380952  0.59428571  0.17238095  0.09333333  0.07619048]
[ 0.06470029  0.59372027  0.17221694  0.09324453  0.07611798]
[ 0.06463878  0.59410646  0.17205323  0.09315589  0.07604563]
[ 0.0645774   0.59354226  0.17188984  0.09401709  0.07597341]
[ 0.06451613  0.59297913  0.17172676  0.09487666  0.07590133]
[ 0.06445498  0.59241706  0.17251185  0.09478673  0.07582938]
[ 0.06439394  0.59280303  0.17234848  0.09469697  0.07575758]
[ 0.06433302  0.59318827  0.17218543  0.09460738  0.0756859 ]
[ 0.06427221  0.5926276   0.17296786  0.09451796  0.07561437]
[ 0.06421152  0.59301228  0.17280453  0.09442871  0.07554297]
[ 0.06415094  0.59245283  0.17264151  0.09433962  0.07641509]
[ 0.06409048  0.59189444  0.17247879  0.09425071  0.07728558]
[ 0.06403013  0.59227872  0.17231638  0.09416196  0.07721281]
[ 0.0639699   0.59266228  0.17215428  0.09407338  0.07714017]
[ 0.06390977  0.59210526  0.17293233  0.09398496  0.07706767]
[ 0.06384977  0.59248826  0.17276995  0.09389671  0.07699531]
[ 0.06378987  0.59287054  0.17260788  0.09380863  0.07692308]
[ 0.06373008  0.59325211  0.17244611  0.09372071  0.07685098]
[ 0.06460674  0.59269663  0.17228464  0.09363296  0.07677903]
[ 0.0645463   0.59214219  0.17305893  0.09354537  0.0767072 ]
[ 0.06448598  0.59252336  0.1728972   0.09345794  0.07663551]
[ 0.06442577  0.59290383  0.17273576  0.09337068  0.07656396]
[ 0.06436567  0.59328358  0.17257463  0.09328358  0.07649254]
[ 0.06430568  0.59366263  0.17241379  0.09319664  0.07642125]
[ 0.06424581  0.59404097  0.17225326  0.09310987  0.07635009]
[ 0.06418605  0.59348837  0.17302326  0.09302326  0.07627907]
[ 0.06412639  0.5929368   0.17379182  0.0929368   0.07620818]
[ 0.06406685  0.59331476  0.17363045  0.09285051  0.07613742]
[ 0.06400742  0.59369202  0.17346939  0.09276438  0.07606679]
[ 0.0639481   0.59406858  0.17330862  0.09267841  0.07599629]
[ 0.06388889  0.59351852  0.17314815  0.09259259  0.07685185]
[ 0.06382979  0.59296947  0.17298797  0.09343201  0.07678076]
[ 0.06377079  0.59242144  0.17375231  0.09334566  0.0767098 ]
[ 0.06371191  0.59187442  0.17359187  0.09325946  0.07756233]
[ 0.06365314  0.59132841  0.17343173  0.09409594  0.07749077]
[ 0.06451613  0.59078341  0.17327189  0.09400922  0.07741935]
[ 0.06445672  0.59023941  0.17311234  0.09484346  0.07734807]
[ 0.06439742  0.58969641  0.17295308  0.09567617  0.07727691]
[ 0.06433824  0.58915441  0.17371324  0.09558824  0.07720588]
[ 0.06427916  0.58953168  0.17355372  0.09550046  0.07713499]
[ 0.06422018  0.58899083  0.1733945   0.09541284  0.07798165]
[ 0.06416132  0.58936755  0.17323556  0.09532539  0.07791017]
[ 0.06410256  0.58974359  0.17307692  0.0952381   0.07783883]
[ 0.06404392  0.59011894  0.17291857  0.09515096  0.07776761]
[ 0.06398537  0.5904936   0.17276051  0.09506399  0.07769653]
[ 0.06392694  0.59086758  0.17260274  0.09497717  0.07762557]
[ 0.06386861  0.59032847  0.17244526  0.09489051  0.07846715]
[ 0.06381039  0.58979034  0.17228806  0.09571559  0.07839562]
[ 0.06375228  0.59016393  0.17213115  0.09562842  0.07832423]
[ 0.06369427  0.59053685  0.17197452  0.0955414   0.07825296]
[ 0.06363636  0.59        0.17181818  0.09545455  0.07909091]
[ 0.06357856  0.58946412  0.17257039  0.09536785  0.07901907]
[ 0.06352087  0.58892922  0.17332123  0.09528131  0.07894737]
[ 0.06346328  0.58839529  0.17407072  0.09519492  0.07887579]
[ 0.0634058   0.58786232  0.17391304  0.0951087   0.07971014]
[ 0.06334842  0.58733032  0.17375566  0.09502262  0.08054299]
[ 0.06329114  0.58770344  0.17359855  0.09493671  0.08047016]
[ 0.06323397  0.58807588  0.17344173  0.09485095  0.08039747]
[ 0.0631769   0.58844765  0.1732852   0.09476534  0.08032491]
[ 0.06311993  0.58881876  0.17312894  0.09467989  0.08025248]
[ 0.06306306  0.58828829  0.17297297  0.09459459  0.08108108]
[ 0.06390639  0.58775878  0.17281728  0.09450945  0.0810081 ]
[ 0.0647482   0.58723022  0.17266187  0.09442446  0.08093525]
[ 0.06469003  0.58760108  0.17250674  0.09433962  0.08086253]
[ 0.06463196  0.58797127  0.17235189  0.09425494  0.08078995]
[ 0.06457399  0.58834081  0.17219731  0.0941704   0.08071749]
[ 0.06451613  0.58870968  0.17204301  0.09408602  0.08064516]
[ 0.06445837  0.58907789  0.17188899  0.09400179  0.08057296]
[ 0.06440072  0.58855098  0.17173524  0.09481216  0.08050089]
[ 0.06434316  0.58802502  0.17247542  0.09472744  0.08042895]
[ 0.06428571  0.5875      0.17232143  0.09553571  0.08035714]
[ 0.06422837  0.58786798  0.17216771  0.09545049  0.08028546]
[ 0.06417112  0.58823529  0.17201426  0.09536542  0.0802139 ]
[ 0.06411398  0.58860196  0.17186109  0.0952805   0.08014248]
[ 0.06405694  0.58896797  0.17170819  0.09519573  0.08007117]
[ 0.064       0.58933333  0.17155556  0.09511111  0.08      ]
[ 0.06394316  0.58969805  0.1714032   0.09502664  0.07992895]
[ 0.06388642  0.5891748   0.17125111  0.09582964  0.07985803]
[ 0.06382979  0.58953901  0.17109929  0.09574468  0.07978723]
[ 0.06377325  0.58990257  0.17094774  0.09565988  0.07971656]
[ 0.06371681  0.59026549  0.17079646  0.09557522  0.07964602]
[ 0.06366048  0.59062776  0.17064545  0.09549072  0.0795756 ]
[ 0.06360424  0.5909894   0.1704947   0.09540636  0.0795053 ]
[ 0.0635481   0.5913504   0.17034422  0.09532215  0.07943513]
[ 0.06349206  0.59082892  0.170194    0.0952381   0.08024691]
[ 0.06343612  0.59118943  0.17004405  0.09515419  0.08017621]
[ 0.06338028  0.5915493   0.16989437  0.09507042  0.08010563]
[ 0.06332454  0.59102902  0.16974494  0.09498681  0.08091469]
[ 0.06326889  0.59050967  0.17047452  0.09490334  0.08084359]
[ 0.06321335  0.59086918  0.17032485  0.09482002  0.08077261]
[ 0.06315789  0.59035088  0.17017544  0.09473684  0.08157895]
[ 0.06310254  0.5907099   0.17002629  0.09465381  0.08150745]
[ 0.06304729  0.59019264  0.16987741  0.09457093  0.08231173]
[ 0.06299213  0.59055118  0.16972878  0.09448819  0.08223972]
[ 0.06293706  0.59090909  0.16958042  0.09440559  0.08216783]
[ 0.0628821   0.59039301  0.16943231  0.09432314  0.08296943]
